Team At AtD HG LG PC CF Mo Ra DB SP RW RT LB SC
20
25;0 2 0;CAN'T CROSS ANY DEFENSE;7 8 6;12 2 5;1 0;2;1 2;1;2;0 0;;1 0 1;1 2 1;1 1 1
22;10 10;Portcullis Low_Bar;5 13;4 4;1 2;;1;2;;1 1;;0 1;1 2;1 1
9;0 0 20 2 10;Ramparts Rock_Wall;13 6 9 7 3;2 3 9 13 7;2 0 1 1;2;0 1 0;1 0;1 2;1 0 1;2 2 2;0 2;0 1 1 0 2;0 1 1 2 2
29;2 2 0 20;Rough_Terrain;0 10 4 14;13 2 5 1;0 1;2 0;2;1 1 1;;1 2 0 0;0 1 1;1;1 2 1 1;1 0 1 2
30;2 15 15 0;Rock_Wall Sally_Port;0 13 14 0;1 10 13 8;0 1;2 2;2 1;0 0;0 0;1 1;1 2;1 1;0 2 0 2;1 2 2 1
13;2 20 10 10;Cheval_De_Frise DrawBridge Moat;9 10 14 8;0 5 11 0;1;0 1 2;1 2 1;2;0;2 1 2;;2 1 0 2;1 0 0 2;2 2 1 2
19;2 0 15;CAN'T CROSS ANY DEFENSE;5 7 13;1 0 1;2 2;2;2;1 0;1;2 0;0 0;1;1 1 0;1 2 0
3;20;Rock_Wall;6;7;;2;2;;0;;;1;0;1
37;20 20 20 0 2 20;Portcullis Sally_Port Cheval_De_Frise;9 9 1 0 3 6;4 4 5 6 11 6;1 2 1;0 0 0;1 0 2;0 1 2;1 2;2 0 1 0;0 1 1 0;0 0;2 0 0 2 0 2;0 0 1 2 2 1
15;0 10;Ramparts;6 1;1 0;;1 0;1;2;2 0;;0;1;2 0;1 2
33;2 20 2 0;Sally_Port;5 11 9 6;11 9 9 1;1 0;1 2;0 1;2 2;1 1 0;2;1 2;1 2;1 0 2 2;1 2 0 0
20;20 10;Portcullis Moat;8 4;1 14;;2 2;1;0;2;1;;0 2;2 2;1 1
11;10 20 20 15;DrawBridge Rough_Terrain Rock_Wall;2 8 13 3;11 0 7 1;0 0;0 1;2;0 2 0;2;1 1 2;2;1 0 1;1 0 0 0;0 1 1 0
0;20 10 0 10 20;Sally_Port Cheval_De_Frise;6 13 1 3 1;13 7 0 13 0;;0 1 1 0 2;1 2 0;1 2;0 0 1;1 1;1 2 2;1 0;0 0 0 2 0;2 0 2 0 2
4;2 10 20 15 2 15 2 2 2 0;DrawBridge Ramparts Portcullis;2 13 5 7 9 4 9 6 12 10;3 11 10 14 13 4 3 11 6 10;1 1 0 0 2 2 1 0;0 1;1 2 1 2;2 0 2 1 0 1;1 1 2 1 1;0 1 2 0 1;0 1 0 0 2 0 1;0 0 1;0 0 0 1 2 0 2 0 0 0;1 0 2 0 0 1 0 2 2 2
23;0;CAN'T CROSS ANY DEFENSE;11;5;0;;2;;1;;;1;2;0
32;2 15 2;DrawBridge;6 11 9;10 9 8;2 1;1;0;2 2;2;0 0;1 1;1;2 0 1;2 0 2
6;0 2 0;CAN'T CROSS ANY DEFENSE;2 10 6;7 8 1;0;1 1;2 0 1;;0 1 2;;0;0 1;1 2 0;2 0 2
36;10 20 10;Ramparts Rock_Wall Sally_Port;5 2 14;14 5 4;;0 1 2;0 2;2;2;0 0;2 2;2;0 0 1;2 1 1
5;2 2 10 0 20;DrawBridge Portcullis;7 8 1 13 8;6 1 12 4 1;2 2 1;0 0;0 2 1;0 1;1 0 2;2 2;0 2 1 2;0;1 0 1 2 1;0 0 1 0 1
12;2 20;Ramparts;7 3;2 3;2;1;2;0;1;2;0 1;;1 0;0 2
16;10 0;Rock_Wall;1 4;5 13;1;2;;1 0;;2 1;0 2;;1 1;0 2
39;10 2 2 10 15;Rock_Wall Moat Cheval_De_Frise;0 13 13 12 1;11 6 13 9 0;1 1;1 2 1;2 1;1 0 2;0 1 1;2 1;2 0 2 0;0;0 2 1 1 1;1 1 1 2 1
18;2 10;Sally_Port;14 6;4 7;2 0;;1;2;2 1;;0;0;1 1;2 2
1;20 0 15 0;DrawBridge Ramparts;7 11 2 14;14 1 14 9;2 0 0 0;;0;1 1 2;2 0;1 2;1 1;0 1;1 0 2 2;0 0 0 0
31;0 0 2;CAN'T CROSS ANY DEFENSE;7 12 6;8 10 3;1 0 1;;0;1 1;0 1;2;1 0;1;0 2 2;2 0 2
10;0 20;Rock_Wall;2 7;7 11;0;0;1 1;;0 2;;;1 1;1 1;1 2
8;15 2;Low_Bar;8 7;12 11;2 0;;;0 0;0;0;0;0;0 0;1 0
26;0 0 0;CAN'T CROSS ANY DEFENSE;12 11 6;13 12 11;0;2 0;;0 1 2;1 1;1;2 2 2;;2 1 2;1 1 1
35;2;CAN'T CROSS ANY DEFENSE;3;12;0;;;0;1;;1;;2;1
24;15 2;Rough_Terrain;1 14;11 1;0;2;1;2;0;2;0;1;0 0;0 2
17;0 2;CAN'T CROSS ANY DEFENSE;5 14;5 11;2 0;;2;1;2 2;;1 1;;2 1;2 0
14;2 2 10;Sally_Port;5 7 8;8 9 3;0;1 0;0 0;1;0 2;0;0 0 2;;0 1 2;1 2 1
27;0 20 0;DrawBridge;3 5 14;9 9 6;;2 1 0;2 0;2;0 1 1;;2 0;1;0 1 1;1 1 0
7;20;Moat;6;12;;1;;2;1;;1;;1;1
2;10 2;Portcullis;10 12;1 13;;2 2;1;1;1;2;1 1;;2 2;2 0
21;0;CAN'T CROSS ANY DEFENSE;10;3;1;;;1;;2;;1;0;2
